n = 2
f: {(0, 0): 0, (0, 1): 0, (1, 0): 1, (1, 1): 1}
Psi_0: 
 [[0.]
 [1.]
 [0.]
 [0.]
 [0.]
 [0.]
 [0.]
 [0.]]
Hadamard^(x)(n+1): 
 [[ 0.35355339  0.35355339  0.35355339  0.35355339  0.35355339  0.35355339
   0.35355339  0.35355339]
 [ 0.35355339 -0.35355339  0.35355339 -0.35355339  0.35355339 -0.35355339
   0.35355339 -0.35355339]
 [ 0.35355339  0.35355339 -0.35355339 -0.35355339  0.35355339  0.35355339
  -0.35355339 -0.35355339]
 [ 0.35355339 -0.35355339 -0.35355339  0.35355339  0.35355339 -0.35355339
  -0.35355339  0.35355339]
 [ 0.35355339  0.35355339  0.35355339  0.35355339 -0.35355339 -0.35355339
  -0.35355339 -0.35355339]
 [ 0.35355339 -0.35355339  0.35355339 -0.35355339 -0.35355339  0.35355339
  -0.35355339  0.35355339]
 [ 0.35355339  0.35355339 -0.35355339 -0.35355339 -0.35355339 -0.35355339
   0.35355339  0.35355339]
 [ 0.35355339 -0.35355339 -0.35355339  0.35355339 -0.35355339  0.35355339
   0.35355339 -0.35355339]]
Psi_1: 
 [[ 0.35355339]
 [-0.35355339]
 [ 0.35355339]
 [-0.35355339]
 [ 0.35355339]
 [-0.35355339]
 [ 0.35355339]
 [-0.35355339]]
Oracle: 
 [[1. 0. 0. 0. 0. 0. 0. 0.]
 [0. 1. 0. 0. 0. 0. 0. 0.]
 [0. 0. 1. 0. 0. 0. 0. 0.]
 [0. 0. 0. 1. 0. 0. 0. 0.]
 [0. 0. 0. 0. 0. 1. 0. 0.]
 [0. 0. 0. 0. 1. 0. 0. 0.]
 [0. 0. 0. 0. 0. 0. 0. 1.]
 [0. 0. 0. 0. 0. 0. 1. 0.]]
Psi_2: 
 [[ 0.35355339]
 [-0.35355339]
 [ 0.35355339]
 [-0.35355339]
 [-0.35355339]
 [ 0.35355339]
 [-0.35355339]
 [ 0.35355339]]
Hadamard^(x)n (x) id_2:  
[[ 0.5  0.   0.5  0.   0.5  0.   0.5  0. ]
 [ 0.   0.5  0.   0.5  0.   0.5  0.   0.5]
 [ 0.5  0.  -0.5 -0.   0.5  0.  -0.5 -0. ]
 [ 0.   0.5 -0.  -0.5  0.   0.5 -0.  -0.5]
 [ 0.5  0.   0.5  0.  -0.5 -0.  -0.5 -0. ]
 [ 0.   0.5  0.   0.5 -0.  -0.5 -0.  -0.5]
 [ 0.5  0.  -0.5 -0.  -0.5 -0.   0.5  0. ]
 [ 0.   0.5 -0.  -0.5 -0.  -0.5  0.   0.5]]
Psi_3: 
 [[-2.29934717e-17]
 [ 2.29934717e-17]
 [ 0.00000000e+00]
 [ 0.00000000e+00]
 [ 7.07106781e-01]
 [-7.07106781e-01]
 [ 0.00000000e+00]
 [ 0.00000000e+00]]
Numerical error on norm:  4.440892098500626e-16
Probability of |00...00>|0>:  5.286997409534844e-34
Probability of |00...00>|1>:  5.286997409534844e-34
Probability of |00...00>|y>:  1.0573994819069687e-33
Thus the function is balanced.

